712463050712545632763410 0
71246305071254567610 1
712463053412545676100746 2
7124630534125632761007 3
712430554343224 4
712463053412545632761007 5
712463055412105634327607 6
7124630554327610 7
712463053412545632761007 8
7124630534071254563210 9
712463055412105632077634 0
712463055612100254 1
712463053412545632761007 2
712463053407125456327610 3
7124630510543407 4
712463053412545632761007 5
712463053412545632761007 6
712463051254561007 7
712463053412545632761007 8
7124630507125456323410 9
712463050712545632763410 0
7124630556121034760754 1
712463053407125456327610 2
7124630534125632761007 3
7124630554121056 4
7124630556123432761007 5
7124630554121056343276 6
71246305345456063276100746 7
7124630507545632763410 8
71246305561234320776 9
7124630507545632763410 0
712460507125624 1
712463053412545632761007 2
712463053412545632761007 3
124630512545610 4
712463055412105632763407 5
7124630512545632761007 6
71246305125406327610 7
712463051254563276100746 8
712463055412105632077634 9
71246305075456323410 0
71246305345402563276100746 1
71246305340712545632761046 2
7124630507125456327610 3
712463053412545607327610 4
712463055612543432761007 5
7124630534125456327610 6
712463055410563276 7
71246305341254025632100746 8
7124630512545607761046 9
712463053412545632077610 0
712463050754560610 1
712463055412105634327607 2
71246305341254025632761007 3
71246305541210560234063224760746 4
7124630556123432761007 5
7124630534545632247610 6
7124630507545632763410 7
71246305075432763410 8
7124630507125432763410 9
71246305071256763410 0
71246301007 1
71246305341254560632247610 2
712463053412545632077610 3
7124630534071254563224761046 4
724630534540256327607 5
712463050712545632763410 6
712460510547607 7
7124630534545632761007 8
712463053412545632077610 9
7124630534125456077610 0
71246305345456761007 1
712463055412105634327607 2
712463053412545632077610 3
71246305541210563432 4
7124630534125632761007 5
71246305541210563432760746 6
712463055456327610 7
712463053412545632761007 8
712463053412545632077610 9
712463055412105632077634 0
7124630507540256063410 1
7124630534071254567610 2
71246305341254025632077610 3
7124630534125402563224761007 4
712463055412105634327607 5
7124630554121056327607 6
7124630512545632761007 7
712463053412545632761007 8
7124630534125456077610 9
712463050712545632763410 0
7124630534540710 1
712463051012545634327607 2
71246305341254025632761007 3
71246305105434327607 4
7124630554121056023432760746 5
712463053412545632761007 6
712463051254560632761007 7
712463053412545632761007 8
7124630507125456763410 9
